0.4997587247961778 0.0773304049586427 0.5000000000000000
0.0633906451719248 -0.3270742954776232 0.5000000000000000
-0.0334847973799497 -0.3131739843672156 0.5000000000000000
0.2205324198127860 0.1320593866656576 0.5000000000000000
0.4814945465706294 0.1513780229110819 0.5000000000000000
0.4479286310894265 0.1849322536037228 0.5000000000000000
-0.4886935103115186 0.5000000000000000 -0.0002089160968561
-0.4187880198735160 0.5000000000000000 0.0623475268311902
-0.5000000000000000 0.4912101206138246 0.0217180229041580
-0.5000000000000000 0.2038027527386915 -0.1826699961059728
-0.5000000000000000 0.3402982529619439 -0.1827074938726220
-0.5000000000000000 0.0779351556000565 -0.1884310708283718
-0.5000000000000000 0.1909357511939705 -0.1474923255842044
-0.5000000000000000 0.2270278364346975 -0.1469237720912940
-0.5000000000000000 -0.0583453412407500 0.3092084229209056
-0.5000000000000000 0.1653445042530497 -0.1041454252773064
-0.5000000000000000 0.1991380562558234 -0.0286970506022814
0.2258153572776361 -0.5000000000000000 0.3658795412971619
0.2754576852168206 -0.5000000000000000 0.4183280156748078
0.1595501508470261 -0.5000000000000000 0.4234522584995115
0.1396621779687155 -0.5000000000000000 0.3910197583668825
0.2025279442454705 -0.5000000000000000 0.2921589226827033
0.3258516854914136 -0.4216294674453881 -0.5000000000000000
0.4529773824219319 -0.1603312868821639 -0.5000000000000000
0.3938314145507741 -0.4191169752130616 -0.5000000000000000
0.3857510089080080 -0.4489019273033790 -0.5000000000000000
-0.5000000000000000 -0.3255156650742481 -0.0028964122738435
-0.3416241930543095 -0.5000000000000000 0.1210385106987192
-0.4580032919555437 -0.5000000000000000 0.0011530151946921
-0.3460430618829666 -0.5000000000000000 -0.1000723235002215
-0.3388453050652142 -0.5000000000000000 -0.2134689161115926
-0.5000000000000000 -0.3421628447649386 -0.2375303222789063
-0.2508992518909781 -0.5000000000000000 -0.1276518912523755
-0.3965227172830568 -0.5000000000000000 -0.3291199593563700
-0.5000000000000000 -0.3654892412620591 -0.3713693402182313
-0.5000000000000000 0.1848102664499807 -0.1888317982686545
-0.5000000000000000 0.2908328741630902 -0.3337330327174997
0.2822373715342845 -0.4636267448061409 -0.5000000000000000
-0.0480821212603203 -0.1931119234155729 -0.5000000000000000
0.2831525622714748 -0.5000000000000000 -0.2726003103356571
0.0360787510835399 -0.5000000000000000 -0.4799406836752698
0.2267729437546488 -0.3235945629775389 -0.5000000000000000
0.3967190783241886 -0.5000000000000000 0.1741456337780211
0.4422399622074667 -0.5000000000000000 0.1307814466156616
0.4070438713796937 -0.5000000000000000 0.0976012117293625
0.4385246568562260 -0.5000000000000000 0.1496608955455506
0.3786083273134945 -0.5000000000000000 -0.1695399138198616
0.3428909134459875 -0.5000000000000000 0.1234362861147349
-0.5000000000000000 -0.0902907958632160 -0.2174384650169101
-0.5000000000000000 0.0243368194772672 -0.2026419828929671
-0.5000000000000000 -0.0062414300839268 -0.2692972955465975
-0.5000000000000000 -0.0288887412557791 -0.1320978495954964
-0.5000000000000000 0.0522597274797703 -0.0277907298201662
-0.5000000000000000 -0.2714551147857567 -0.0113919115668916
-0.5000000000000000 -0.0290862101282146 -0.1463965892284175
-0.5000000000000000 -0.2295441252322907 0.0378727001958426
-0.5000000000000000 -0.1125979112612108 0.3424209576361507
-0.5000000000000000 -0.2287953305374363 0.0766275632847542
-0.5000000000000000 -0.3870377267066740 0.2016641074725611
-0.5000000000000000 -0.1216276257396720 0.1349365332669250
0.5000000000000000 0.0424870813866659 0.1421418019876509
0.5000000000000000 0.0539167432103033 0.0426943409341821
0.5000000000000000 0.0873389612344594 -0.0092912045656525
0.5000000000000000 0.0688841043478175 0.0045175649234807
0.5000000000000000 0.0787241035183342 0.0246771662198897
0.5000000000000000 0.0512224544847061 0.0222990154161343
0.5000000000000000 0.0736352893884485 0.0607209131263499
0.5000000000000000 0.0439324146707756 0.0494942858725047
-0.1143222210135917 -0.0701106372141116 -0.5000000000000000
0.5000000000000000 0.0437255323418763 -0.3312096522624597
0.3382342088946367 0.2734501226501594 -0.5000000000000000
0.5000000000000000 0.1255011881403076 -0.1695189483178861
0.4528741770504242 0.1528976985912891 -0.5000000000000000
0.3437263918401200 0.0615993098339652 -0.5000000000000000
-0.1873652117160720 -0.1352432542319532 -0.5000000000000000
-0.1213794324115789 -0.5000000000000000 -0.4451852156651991
-0.3909171358718740 -0.5000000000000000 -0.4624642045241329
-0.5000000000000000 -0.3333259037372900 -0.4247559522682600
-0.2070056428390859 -0.5000000000000000 0.4056854439661641
-0.2756004677500013 -0.5000000000000000 0.4201338638822175
-0.2971985141821374 -0.5000000000000000 0.3442175804218289
-0.2922769428760480 -0.5000000000000000 0.3497893648193656
-0.3268630198039522 -0.5000000000000000 0.3369600916928477
-0.1507855517502516 -0.5000000000000000 0.3179040302491519
-0.1620720912338146 -0.1005071063332698 -0.5000000000000000
0.2562495934597099 -0.0166709694577939 -0.5000000000000000
0.1079279665004556 0.5000000000000000 0.1235493332358439
0.1661760104344166 0.5000000000000000 0.0256242470608691
0.1875537631235230 0.5000000000000000 -0.1404123580802146
0.0555896056952493 0.5000000000000000 -0.0005648790249597
-0.5000000000000000 0.0000227868595740 0.4826595178047616
-0.5000000000000000 -0.2131075012099611 0.4018469147566886
0.0501991023102953 0.5000000000000000 0.2404615563671080
0.1056836022836428 0.5000000000000000 0.2549752998554998
0.0837811286875413 0.5000000000000000 0.2537410716785049
-0.1410252222968471 0.5000000000000000 0.1957603500450654
-0.2137909549008696 -0.0813448413439792 -0.5000000000000000
-0.1039865851911182 -0.0967426007932066 -0.5000000000000000
-0.1745083286825537 -0.0895800082634152 -0.5000000000000000
-0.1673236677454553 -0.1114837622506759 -0.5000000000000000
-0.1968175865996643 -0.0162971896695117 -0.5000000000000000
-0.1443022391880486 -0.1130774492778290 -0.5000000000000000
-0.1972618971666221 -0.5000000000000000 0.4658035624845519
-0.2626137997448507 -0.5000000000000000 0.4656655191853950
-0.2950547236634048 -0.5000000000000000 0.4342333522495580
0.5000000000000000 0.3598681623038286 0.4271407073704727
0.5000000000000000 0.3789484979355124 0.4612733392043791
0.5000000000000000 -0.0344005954401994 -0.3395796706553564
0.5000000000000000 0.0720452734007553 -0.2205095926777703
0.5000000000000000 -0.0754701980408717 -0.4474414766949415
0.5000000000000000 -0.0007689226621933 -0.2373666915601790
0.5000000000000000 -0.1310217799219231 -0.3362059010466589
0.5000000000000000 -0.4955246732584672 0.4026103555849100
-0.5000000000000000 0.4822175752647404 -0.1030925782267997
-0.5000000000000000 0.3319693224014853 -0.3812637064831005
-0.4244923806607880 0.5000000000000000 -0.2772655264393638
-0.4832394560206316 0.5000000000000000 -0.2895400143761437
-0.5000000000000000 -0.2489176140104647 -0.2798676857867890
-0.5000000000000000 -0.3221742569915210 -0.3991003814364693
-0.5000000000000000 0.2857542234960163 -0.3650353791599174
-0.1421109145238709 0.5000000000000000 0.4321074758364414
-0.1409463372255355 0.5000000000000000 0.3972666202264982
0.2617832127166800 0.5000000000000000 0.4408919503483075
0.2442163586296184 0.5000000000000000 0.4584412537865540
-0.2052089814651258 0.5000000000000000 0.4686775968024396
0.3036830601865286 0.5000000000000000 0.4754782420144716
0.2369609098324414 0.5000000000000000 -0.0717418387014484
0.2082376331676483 0.5000000000000000 -0.2059057460299514
0.4106680571817908 0.5000000000000000 -0.2633303897451340
0.5000000000000000 -0.1585033587515386 0.3750338724232157
0.5000000000000000 0.0526699943774385 0.2553775033144183
0.5000000000000000 0.1021988693961696 0.3485434677059931
-0.5000000000000000 0.4254310565360846 0.4331586533206417
-0.5000000000000000 0.4949907083115577 0.3297753773678336
-0.5000000000000000 0.4846548590904436 0.4205304639166453
-0.5000000000000000 0.3193950534693439 0.3350310373148775
0.2507448310757028 0.5000000000000000 -0.0216944783853764
0.2368199068440073 0.5000000000000000 -0.0463995301377073
0.2309620171043361 0.5000000000000000 0.0052369098301256
0.2513440699973750 0.5000000000000000 -0.0564308805054762
0.2464798675479997 0.5000000000000000 -0.0428548466685857
0.2166259961042751 0.5000000000000000 -0.0869046595477450
-0.3311054156197959 -0.5000000000000000 0.4384680889452001
-0.5000000000000000 -0.4716704423384461 0.2901454889802356
-0.5000000000000000 -0.0614608661301400 0.4927074901498820
-0.0869636334045403 -0.5000000000000000 0.4728712275681192
-0.0900390952533940 -0.5000000000000000 0.4474539657229378
0.5000000000000000 -0.1644228512822102 -0.4665102413965149
0.5000000000000000 -0.2379138950215302 -0.3589047142704007
0.5000000000000000 -0.4090620880603330 -0.3084006305673551
-0.5000000000000000 -0.0982218659257878 0.4903813160752259
-0.2438109114379183 -0.5000000000000000 0.4698767342536665
-0.5000000000000000 -0.3487347478504349 0.3953285274084412
0.5000000000000000 -0.0589111336524259 -0.3147905600293481
0.5000000000000000 -0.0244880844247885 -0.2242835449602256
0.5000000000000000 -0.1388574945452870 -0.3238286486302766
-0.0328969491068423 0.2450745396987727 -0.5000000000000000
0.2354240165379951 0.3788659732510583 -0.5000000000000000
0.3635316896376917 0.3308526677460037 -0.5000000000000000
-0.5000000000000000 0.0173267065356506 0.4942248654199911
0.1921556140720967 0.2427987354580587 0.5000000000000000
0.5000000000000000 0.2568202385666553 0.0555526539550982
0.5000000000000000 0.3528890339641296 0.2988846038424962
0.5000000000000000 -0.3682790861795754 0.4543025932546056
0.5000000000000000 -0.4252525278547036 0.3784975529567423
0.1949434207156973 0.5000000000000000 -0.2021065595191713
-0.5000000000000000 0.4831782350957733 -0.0785636077613726
-0.2813954142924832 0.5000000000000000 -0.3164077275138951
-0.5000000000000000 0.1808242625427407 0.4806982244796853
-0.1100505818950155 0.4279234002277890 0.5000000000000000
-0.2352682115098205 0.5000000000000000 0.4455102744543237
-0.5000000000000000 -0.1170011751528002 -0.3603244573920172
-0.5000000000000000 0.3208225828047893 -0.3908694610767071
-0.5000000000000000 -0.2586546689596608 -0.4373819475525828
-0.5000000000000000 0.0376267525926584 0.4890317607484812
-0.5000000000000000 0.0349939505746089 0.4605636416404664
-0.5000000000000000 -0.0895353152592255 0.3816441627900232
-0.5000000000000000 0.0724973710771791 0.4064419903649216
0.1180716826752381 0.3770238422713341 0.5000000000000000
-0.1309602626300695 0.5000000000000000 0.4383543625744589
0.2748559213829403 -0.2125444585615378 -0.5000000000000000
0.4428577407560684 0.0769630739350147 -0.5000000000000000
0.3396692996639674 -0.0218431682446286 -0.5000000000000000
0.2962798462341001 0.4775689228563123 0.5000000000000000
0.5000000000000000 0.3994690686940637 0.3177814566316809
0.2692418719933228 -0.5000000000000000 -0.1947625384557667
0.2866776502130323 -0.5000000000000000 -0.2309046605918195
0.2827288167060781 -0.5000000000000000 -0.2065546619544431
0.3682964316162352 -0.5000000000000000 -0.1871264970229882
0.2659247528143691 0.5000000000000000 -0.4504999558333138
0.4886084820559329 0.5000000000000000 -0.4436299272873969
0.5000000000000000 0.1989929789070983 -0.1128051699838747
0.4273402815283656 0.5000000000000000 -0.2569440109097412
0.5000000000000000 0.1251879555950174 -0.1325438679057200
0.5000000000000000 0.4687794768130679 -0.3108804529616671
0.0439159920665056 -0.5000000000000000 0.4414838576899885
0.1150679935258808 -0.5000000000000000 0.4675845145294440
0.0744590405840097 -0.5000000000000000 0.4119116168743431
-0.0337663682293053 -0.5000000000000000 0.3047333723088278
0.2782326977925347 0.4670703848914624 0.5000000000000000
-0.0739955615442149 0.5000000000000000 0.4015415113457990
-0.5000000000000000 -0.1107352881005071 0.3736140759566591
0.1382490754337811 0.5000000000000000 -0.2285122840904351
0.1990256877858285 0.5000000000000000 -0.2249245683071701
0.2042314969174230 0.5000000000000000 -0.2064815574322898
0.2150109019277558 0.5000000000000000 -0.2097800172953689
0.5000000000000000 0.2096820330575205 -0.0217148318200336
0.5000000000000000 0.1328970606465924 0.0901211558265300
0.5000000000000000 0.3109690988034097 -0.1971899661692953
0.3335435284187922 0.5000000000000000 -0.3093431380211921
0.4232286122058400 0.5000000000000000 -0.2740006695113165
0.4746484451384954 -0.0795110021837996 -0.5000000000000000
0.4498563913808337 -0.1089330414513796 -0.5000000000000000
0.4710603952152378 -0.0769213410129080 -0.5000000000000000
0.4624572524909366 -0.0880964512963219 -0.5000000000000000
0.5000000000000000 -0.1163325210350645 -0.4190968728153412
0.4723329284927898 -0.1089868610641109 -0.5000000000000000
-0.5000000000000000 0.3249665866389970 -0.3897622627056835
0.0256708950617027 -0.5000000000000000 0.3053010497840885
0.0155388135024093 -0.5000000000000000 0.1652200273107675
-0.0374710598599274 -0.5000000000000000 0.2926868138346143
0.0337237296996592 -0.5000000000000000 0.2307443780875506
-0.0478888063244905 -0.5000000000000000 -0.4665282942994088
0.0080664034094637 -0.5000000000000000 -0.3761976646596227
-0.0100687985703520 -0.5000000000000000 -0.4608355142355356
0.5000000000000000 0.0903416346281609 -0.1254688578880971
0.5000000000000000 0.1840854826384482 -0.1886463269726479
0.5000000000000000 -0.0972544076489589 -0.2623707076115706
-0.5000000000000000 -0.2537757269095419 0.3149006152872780
-0.5000000000000000 0.4867044520956713 -0.0706696324982647
-0.5000000000000000 0.4863364864451738 -0.0871557927642909
0.5000000000000000 0.2588038296804216 -0.4695867333264203
0.2331013499277615 -0.2574569292504318 -0.5000000000000000
0.3025290152246199 -0.2530723821578047 -0.5000000000000000
-0.0313137255163279 0.4875735455829875 0.5000000000000000
0.3200281249273862 0.4543121071308416 0.5000000000000000
-0.5000000000000000 -0.2673325114797355 0.3664528125782719
0.4754399784240181 0.1960242752760103 -0.5000000000000000
-0.5000000000000000 0.3240871960197431 -0.3907783086511599
-0.3021307124842172 0.5000000000000000 -0.4386484298777282
-0.4644459056233409 0.5000000000000000 -0.4177734249108178
0.5000000000000000 0.3799314272585138 0.3332924999279275
0.5000000000000000 0.1925545034324464 0.2208386903224446
0.2864185172279523 -0.0599953836483181 -0.5000000000000000
-0.2589213412112362 0.5000000000000000 0.0696912828960629
-0.2220704540138735 0.5000000000000000 0.2338583739765091
0.3768237920158606 -0.5000000000000000 -0.1825937081881387
-0.5000000000000000 0.3260563873939101 -0.3902104058424152
-0.2930761102151065 0.5000000000000000 -0.3882761840547792
-0.3584875412671880 0.5000000000000000 -0.3858525311542866
-0.5000000000000000 -0.2907614435003796 0.3794582619446304
-0.3282515710127624 0.5000000000000000 0.4442374324232030
0.2301210891161803 -0.5000000000000000 -0.0257510047664805
-0.0255742743125514 0.5000000000000000 -0.4218825839704105
-0.5000000000000000 -0.4184145864232070 0.3054328964911359
0.5000000000000000 -0.1650630984268486 -0.3297067412650039
0.2607469352755540 -0.5000000000000000 -0.0014780169834375
0.5000000000000000 -0.1691809861558971 -0.2576940070943078
0.3643061401334069 -0.5000000000000000 -0.1677869278979077
0.2355275482609236 -0.5000000000000000 0.0235978804283613
0.5000000000000000 -0.2361828430871359 -0.2821079164530783