336 635 0
0.4997587247961778 0.0773304049586427 0.5000000000000000
0.0633906451719248 -0.3270742954776232 0.5000000000000000
-0.0334847973799497 -0.3131739843672156 0.5000000000000000
0.2205324198127860 0.1320593866656576 0.5000000000000000
0.4814945465706294 0.1513780229110819 0.5000000000000000
0.4479286310894265 0.1849322536037228 0.5000000000000000
-0.4886935103115186 0.5000000000000000 -0.0002089160968561
-0.4187880198735160 0.5000000000000000 0.0623475268311902
-0.5000000000000000 0.4912101206138246 0.0217180229041580
-0.5000000000000000 0.2038027527386915 -0.1826699961059728
-0.5000000000000000 0.3402982529619439 -0.1827074938726220
-0.5000000000000000 0.0779351556000565 -0.1884310708283718
-0.5000000000000000 0.1909357511939705 -0.1474923255842044
-0.5000000000000000 0.2270278364346975 -0.1469237720912940
-0.5000000000000000 -0.0583453412407500 0.3092084229209056
-0.5000000000000000 0.1653445042530497 -0.1041454252773064
-0.5000000000000000 0.1991380562558234 -0.0286970506022814
0.2258153572776361 -0.5000000000000000 0.3658795412971619
0.2754576852168206 -0.5000000000000000 0.4183280156748078
0.1595501508470261 -0.5000000000000000 0.4234522584995115
0.1396621779687155 -0.5000000000000000 0.3910197583668825
0.2025279442454705 -0.5000000000000000 0.2921589226827033
0.3258516854914136 -0.4216294674453881 -0.5000000000000000
0.4529773824219319 -0.1603312868821639 -0.5000000000000000
0.3938314145507741 -0.4191169752130616 -0.5000000000000000
0.3857510089080080 -0.4489019273033790 -0.5000000000000000
-0.5000000000000000 -0.3255156650742481 -0.0028964122738435
-0.3416241930543095 -0.5000000000000000 0.1210385106987192
-0.4580032919555437 -0.5000000000000000 0.0011530151946921
-0.3460430618829666 -0.5000000000000000 -0.1000723235002215
-0.3388453050652142 -0.5000000000000000 -0.2134689161115926
-0.5000000000000000 -0.3421628447649386 -0.2375303222789063
-0.2508992518909781 -0.5000000000000000 -0.1276518912523755
-0.3965227172830568 -0.5000000000000000 -0.3291199593563700
-0.5000000000000000 -0.3654892412620591 -0.3713693402182313
-0.5000000000000000 0.1848102664499807 -0.1888317982686545
-0.5000000000000000 0.2908328741630902 -0.3337330327174997
0.2822373715342845 -0.4636267448061409 -0.5000000000000000
-0.0480821212603203 -0.1931119234155729 -0.5000000000000000
0.2831525622714748 -0.5000000000000000 -0.2726003103356571
0.0360787510835399 -0.5000000000000000 -0.4799406836752698
0.2267729437546488 -0.3235945629775389 -0.5000000000000000
0.3967190783241886 -0.5000000000000000 0.1741456337780211
0.4422399622074667 -0.5000000000000000 0.1307814466156616
0.4070438713796937 -0.5000000000000000 0.0976012117293625
0.4385246568562260 -0.5000000000000000 0.1496608955455506
0.3786083273134945 -0.5000000000000000 -0.1695399138198616
0.3428909134459875 -0.5000000000000000 0.1234362861147349
-0.5000000000000000 -0.0902907958632160 -0.2174384650169101
-0.5000000000000000 0.0243368194772672 -0.2026419828929671
-0.5000000000000000 -0.0062414300839268 -0.2692972955465975
-0.5000000000000000 -0.0288887412557791 -0.1320978495954964
-0.5000000000000000 0.0522597274797703 -0.0277907298201662
-0.5000000000000000 -0.2714551147857567 -0.0113919115668916
-0.5000000000000000 -0.0290862101282146 -0.1463965892284175
-0.5000000000000000 -0.2295441252322907 0.0378727001958426
-0.5000000000000000 -0.1125979112612108 0.3424209576361507
-0.5000000000000000 -0.2287953305374363 0.0766275632847542
-0.5000000000000000 -0.3870377267066740 0.2016641074725611
-0.5000000000000000 -0.1216276257396720 0.1349365332669250
0.5000000000000000 0.0424870813866659 0.1421418019876509
0.5000000000000000 0.0539167432103033 0.0426943409341821
0.5000000000000000 0.0873389612344594 -0.0092912045656525
0.5000000000000000 0.0688841043478175 0.0045175649234807
0.5000000000000000 0.0787241035183342 0.0246771662198897
0.5000000000000000 0.0512224544847061 0.0222990154161343
0.5000000000000000 0.0736352893884485 0.0607209131263499
0.5000000000000000 0.0439324146707756 0.0494942858725047
-0.1143222210135917 -0.0701106372141116 -0.5000000000000000
0.5000000000000000 0.0437255323418763 -0.3312096522624597
0.3382342088946367 0.2734501226501594 -0.5000000000000000
0.5000000000000000 0.1255011881403076 -0.1695189483178861
0.4528741770504242 0.1528976985912891 -0.5000000000000000
0.3437263918401200 0.0615993098339652 -0.5000000000000000
-0.1873652117160720 -0.1352432542319532 -0.5000000000000000
-0.1213794324115789 -0.5000000000000000 -0.4451852156651991
-0.3909171358718740 -0.5000000000000000 -0.4624642045241329
-0.5000000000000000 -0.3333259037372900 -0.4247559522682600
-0.2070056428390859 -0.5000000000000000 0.4056854439661641
-0.2756004677500013 -0.5000000000000000 0.4201338638822175
-0.2971985141821374 -0.5000000000000000 0.3442175804218289
-0.2922769428760480 -0.5000000000000000 0.3497893648193656
-0.3268630198039522 -0.5000000000000000 0.3369600916928477
-0.1507855517502516 -0.5000000000000000 0.3179040302491519
-0.1620720912338146 -0.1005071063332698 -0.5000000000000000
0.2562495934597099 -0.0166709694577939 -0.5000000000000000
0.1079279665004556 0.5000000000000000 0.1235493332358439
0.1661760104344166 0.5000000000000000 0.0256242470608691
0.1875537631235230 0.5000000000000000 -0.1404123580802146
0.0555896056952493 0.5000000000000000 -0.0005648790249597
-0.5000000000000000 0.0000227868595740 0.4826595178047616
-0.5000000000000000 -0.2131075012099611 0.4018469147566886
0.0501991023102953 0.5000000000000000 0.2404615563671080
0.1056836022836428 0.5000000000000000 0.2549752998554998
0.0837811286875413 0.5000000000000000 0.2537410716785049
-0.1410252222968471 0.5000000000000000 0.1957603500450654
-0.2137909549008696 -0.0813448413439792 -0.5000000000000000
-0.1039865851911182 -0.0967426007932066 -0.5000000000000000
-0.1745083286825537 -0.0895800082634152 -0.5000000000000000
-0.1673236677454553 -0.1114837622506759 -0.5000000000000000
-0.1968175865996643 -0.0162971896695117 -0.5000000000000000
-0.1443022391880486 -0.1130774492778290 -0.5000000000000000
-0.1972618971666221 -0.5000000000000000 0.4658035624845519
-0.2626137997448507 -0.5000000000000000 0.4656655191853950
-0.2950547236634048 -0.5000000000000000 0.4342333522495580
0.5000000000000000 0.3598681623038286 0.4271407073704727
0.5000000000000000 0.3789484979355124 0.4612733392043791
0.5000000000000000 -0.0344005954401994 -0.3395796706553564
0.5000000000000000 0.0720452734007553 -0.2205095926777703
0.5000000000000000 -0.0754701980408717 -0.4474414766949415
0.5000000000000000 -0.0007689226621933 -0.2373666915601790
0.5000000000000000 -0.1310217799219231 -0.3362059010466589
0.5000000000000000 -0.4955246732584672 0.4026103555849100
-0.5000000000000000 0.4822175752647404 -0.1030925782267997
-0.5000000000000000 0.3319693224014853 -0.3812637064831005
-0.4244923806607880 0.5000000000000000 -0.2772655264393638
-0.4832394560206316 0.5000000000000000 -0.2895400143761437
-0.5000000000000000 -0.2489176140104647 -0.2798676857867890
-0.5000000000000000 -0.3221742569915210 -0.3991003814364693
-0.5000000000000000 0.2857542234960163 -0.3650353791599174
-0.1421109145238709 0.5000000000000000 0.4321074758364414
-0.1409463372255355 0.5000000000000000 0.3972666202264982
0.2617832127166800 0.5000000000000000 0.4408919503483075
0.2442163586296184 0.5000000000000000 0.4584412537865540
-0.2052089814651258 0.5000000000000000 0.4686775968024396
0.3036830601865286 0.5000000000000000 0.4754782420144716
0.2369609098324414 0.5000000000000000 -0.0717418387014484
0.2082376331676483 0.5000000000000000 -0.2059057460299514
0.4106680571817908 0.5000000000000000 -0.2633303897451340
0.5000000000000000 -0.1585033587515386 0.3750338724232157
0.5000000000000000 0.0526699943774385 0.2553775033144183
0.5000000000000000 0.1021988693961696 0.3485434677059931
-0.5000000000000000 0.4254310565360846 0.4331586533206417
-0.5000000000000000 0.4949907083115577 0.3297753773678336
-0.5000000000000000 0.4846548590904436 0.4205304639166453
-0.5000000000000000 0.3193950534693439 0.3350310373148775
0.2507448310757028 0.5000000000000000 -0.0216944783853764
0.2368199068440073 0.5000000000000000 -0.0463995301377073
0.2309620171043361 0.5000000000000000 0.0052369098301256
0.2513440699973750 0.5000000000000000 -0.0564308805054762
0.2464798675479997 0.5000000000000000 -0.0428548466685857
0.2166259961042751 0.5000000000000000 -0.0869046595477450
-0.3311054156197959 -0.5000000000000000 0.4384680889452001
-0.5000000000000000 -0.4716704423384461 0.2901454889802356
-0.5000000000000000 -0.0614608661301400 0.4927074901498820
-0.0869636334045403 -0.5000000000000000 0.4728712275681192
-0.0900390952533940 -0.5000000000000000 0.4474539657229378
0.5000000000000000 -0.1644228512822102 -0.4665102413965149
0.5000000000000000 -0.2379138950215302 -0.3589047142704007
0.5000000000000000 -0.4090620880603330 -0.3084006305673551
-0.5000000000000000 -0.0982218659257878 0.4903813160752259
-0.2438109114379183 -0.5000000000000000 0.4698767342536665
-0.5000000000000000 -0.3487347478504349 0.3953285274084412
0.5000000000000000 -0.0589111336524259 -0.3147905600293481
0.5000000000000000 -0.0244880844247885 -0.2242835449602256
0.5000000000000000 -0.1388574945452870 -0.3238286486302766
-0.0328969491068423 0.2450745396987727 -0.5000000000000000
0.2354240165379951 0.3788659732510583 -0.5000000000000000
0.3635316896376917 0.3308526677460037 -0.5000000000000000
-0.5000000000000000 0.0173267065356506 0.4942248654199911
0.1921556140720967 0.2427987354580587 0.5000000000000000
0.5000000000000000 0.2568202385666553 0.0555526539550982
0.5000000000000000 0.3528890339641296 0.2988846038424962
0.5000000000000000 -0.3682790861795754 0.4543025932546056
0.5000000000000000 -0.4252525278547036 0.3784975529567423
0.1949434207156973 0.5000000000000000 -0.2021065595191713
-0.5000000000000000 0.4831782350957733 -0.0785636077613726
-0.2813954142924832 0.5000000000000000 -0.3164077275138951
-0.5000000000000000 0.1808242625427407 0.4806982244796853
-0.1100505818950155 0.4279234002277890 0.5000000000000000
-0.2352682115098205 0.5000000000000000 0.4455102744543237
-0.5000000000000000 -0.1170011751528002 -0.3603244573920172
-0.5000000000000000 0.3208225828047893 -0.3908694610767071
-0.5000000000000000 -0.2586546689596608 -0.4373819475525828
-0.5000000000000000 0.0376267525926584 0.4890317607484812
-0.5000000000000000 0.0349939505746089 0.4605636416404664
-0.5000000000000000 -0.0895353152592255 0.3816441627900232
-0.5000000000000000 0.0724973710771791 0.4064419903649216
0.1180716826752381 0.3770238422713341 0.5000000000000000
-0.1309602626300695 0.5000000000000000 0.4383543625744589
0.2748559213829403 -0.2125444585615378 -0.5000000000000000
0.4428577407560684 0.0769630739350147 -0.5000000000000000
0.3396692996639674 -0.0218431682446286 -0.5000000000000000
0.2962798462341001 0.4775689228563123 0.5000000000000000
0.5000000000000000 0.3994690686940637 0.3177814566316809
0.2692418719933228 -0.5000000000000000 -0.1947625384557667
0.2866776502130323 -0.5000000000000000 -0.2309046605918195
0.2827288167060781 -0.5000000000000000 -0.2065546619544431
0.3682964316162352 -0.5000000000000000 -0.1871264970229882
0.2659247528143691 0.5000000000000000 -0.4504999558333138
0.4886084820559329 0.5000000000000000 -0.4436299272873969
0.5000000000000000 0.1989929789070983 -0.1128051699838747
0.4273402815283656 0.5000000000000000 -0.2569440109097412
0.5000000000000000 0.1251879555950174 -0.1325438679057200
0.5000000000000000 0.4687794768130679 -0.3108804529616671
0.0439159920665056 -0.5000000000000000 0.4414838576899885
0.1150679935258808 -0.5000000000000000 0.4675845145294440
0.0744590405840097 -0.5000000000000000 0.4119116168743431
-0.0337663682293053 -0.5000000000000000 0.3047333723088278
0.2782326977925347 0.4670703848914624 0.5000000000000000
-0.0739955615442149 0.5000000000000000 0.4015415113457990
-0.5000000000000000 -0.1107352881005071 0.3736140759566591
0.1382490754337811 0.5000000000000000 -0.2285122840904351
0.1990256877858285 0.5000000000000000 -0.2249245683071701
0.2042314969174230 0.5000000000000000 -0.2064815574322898
0.2150109019277558 0.5000000000000000 -0.2097800172953689
0.5000000000000000 0.2096820330575205 -0.0217148318200336
0.5000000000000000 0.1328970606465924 0.0901211558265300
0.5000000000000000 0.3109690988034097 -0.1971899661692953
0.3335435284187922 0.5000000000000000 -0.3093431380211921
0.4232286122058400 0.5000000000000000 -0.2740006695113165
0.4746484451384954 -0.0795110021837996 -0.5000000000000000
0.4498563913808337 -0.1089330414513796 -0.5000000000000000
0.4710603952152378 -0.0769213410129080 -0.5000000000000000
0.4624572524909366 -0.0880964512963219 -0.5000000000000000
0.5000000000000000 -0.1163325210350645 -0.4190968728153412
0.4723329284927898 -0.1089868610641109 -0.5000000000000000
-0.5000000000000000 0.3249665866389970 -0.3897622627056835
0.0256708950617027 -0.5000000000000000 0.3053010497840885
0.0155388135024093 -0.5000000000000000 0.1652200273107675
-0.0374710598599274 -0.5000000000000000 0.2926868138346143
0.0337237296996592 -0.5000000000000000 0.2307443780875506
-0.0478888063244905 -0.5000000000000000 -0.4665282942994088
0.0080664034094637 -0.5000000000000000 -0.3761976646596227
-0.0100687985703520 -0.5000000000000000 -0.4608355142355356
0.5000000000000000 0.0903416346281609 -0.1254688578880971
0.5000000000000000 0.1840854826384482 -0.1886463269726479
0.5000000000000000 -0.0972544076489589 -0.2623707076115706
-0.5000000000000000 -0.2537757269095419 0.3149006152872780
-0.5000000000000000 0.4867044520956713 -0.0706696324982647
-0.5000000000000000 0.4863364864451738 -0.0871557927642909
0.5000000000000000 0.2588038296804216 -0.4695867333264203
0.2331013499277615 -0.2574569292504318 -0.5000000000000000
0.3025290152246199 -0.2530723821578047 -0.5000000000000000
-0.0313137255163279 0.4875735455829875 0.5000000000000000
0.3200281249273862 0.4543121071308416 0.5000000000000000
-0.5000000000000000 -0.2673325114797355 0.3664528125782719
0.4754399784240181 0.1960242752760103 -0.5000000000000000
-0.5000000000000000 0.3240871960197431 -0.3907783086511599
-0.3021307124842172 0.5000000000000000 -0.4386484298777282
-0.4644459056233409 0.5000000000000000 -0.4177734249108178
0.5000000000000000 0.3799314272585138 0.3332924999279275
0.5000000000000000 0.1925545034324464 0.2208386903224446
0.2864185172279523 -0.0599953836483181 -0.5000000000000000
-0.2589213412112362 0.5000000000000000 0.0696912828960629
-0.2220704540138735 0.5000000000000000 0.2338583739765091
0.3768237920158606 -0.5000000000000000 -0.1825937081881387
-0.5000000000000000 0.3260563873939101 -0.3902104058424152
-0.2930761102151065 0.5000000000000000 -0.3882761840547792
-0.3584875412671880 0.5000000000000000 -0.3858525311542866
-0.5000000000000000 -0.2907614435003796 0.3794582619446304
-0.3282515710127624 0.5000000000000000 0.4442374324232030
0.2301210891161803 -0.5000000000000000 -0.0257510047664805
-0.0255742743125514 0.5000000000000000 -0.4218825839704105
-0.5000000000000000 -0.4184145864232070 0.3054328964911359
0.5000000000000000 -0.1650630984268486 -0.3297067412650039
0.2607469352755540 -0.5000000000000000 -0.0014780169834375
0.5000000000000000 -0.1691809861558971 -0.2576940070943078
0.3643061401334069 -0.5000000000000000 -0.1677869278979077
0.2355275482609236 -0.5000000000000000 0.0235978804283613
0.5000000000000000 -0.2361828430871359 -0.2821079164530783
0.1790274784730034 -0.4846785463161906 0.4179231529692767
-0.3974874360421023 -0.4893714101785739 -0.1610350245216164
-0.4956499322022830 0.2024752111778069 -0.1870170312925418
0.1970217783546384 -0.3692527821666095 -0.4620280745770049
0.3238329894776336 0.2051822196002480 -0.3517962685311555
-0.3233596764511124 -0.3740125590104668 -0.3491105442501777
0.0892851109238516 -0.1123902551383898 0.3749743324003066
-0.0590840666485186 -0.0407467894151251 -0.2630041915868337
0.1198278112036821 0.4837402129489622 0.0746822371356958
-0.3705537256898045 -0.0117722656547928 0.4560136633617090
0.2450158498944333 -0.3033301475660158 0.3386023979177473
-0.4690149036612242 0.4620463572161332 -0.2137070333366187
-0.3689530767584571 -0.3079166673151983 -0.2407355020664002
-0.4891352590939400 0.0321957034998772 -0.2012300126162914
-0.1640773975596873 0.1927039062576694 0.4129881256837692
-0.1561330784711217 0.2147269387832931 0.2237846718229599
0.0147792941689647 -0.0559797138431181 -0.2316806334539948
0.2281475909813293 0.2781494495421020 -0.2601181349414897
0.4742150332807445 -0.0103218081951474 0.3580266031987145
-0.0996377476614605 -0.4897321132622313 0.4743233720437504
-0.2608445797062709 -0.4939779635048545 0.4705451171463949
0.3770988142667847 -0.1014280691979396 0.2332487545612929
-0.2099300058939817 -0.0133730441598791 -0.1208074617519466
0.1392581049882347 0.1351384392239472 0.4803096457716488
0.3744367120256615 0.2563253607243602 0.2556526151635166
-0.2251465498922447 0.3411804444819780 -0.1167909042886699
-0.4314369370031543 0.3718796784640978 0.4644445718303506
-0.0615450825557636 0.0623478306713150 0.2406255513395075
-0.3707641969536456 0.0050506841773077 -0.4316600192496198
-0.1039722217026732 0.2385694118713981 0.4476775143264068
0.3168721055510499 -0.0425503627990762 -0.3798339405008244
0.2171633739033384 0.0663239087868149 0.0217693785332553
-0.3627083323673648 0.0989019852468216 0.3840195972015754
0.1944341943783845 0.3685731339832784 0.2953732732967347
0.2302904856022525 -0.3097044658639623 0.3458011846820109
0.4352196601439299 0.1539825994512233 -0.1398695659144141
0.1060579475896692 0.3191852764096308 0.3036946509106031
-0.4954934965702849 -0.0963696517127710 0.3734710240775584
0.0589813361976840 -0.3429522578067582 0.4135924173806819
0.4687464944267729 -0.0926497920879539 -0.4957776419990354
-0.2122400824456814 0.3323605056164380 -0.2907556058196928
0.3851400331309961 0.0416359750935364 -0.1182029781671693
-0.3257382826864367 -0.0957424507069364 0.1462201297311554
-0.2340902739159186 0.1327275357400886 -0.2319225608074465
-0.1420799554900101 -0.1640866731703145 -0.3394138271542075
-0.2039915297322268 -0.0628793390050018 0.3232548261627182
-0.2630731948447665 0.2060355434225518 -0.4526917043993738
0.3696806609826925 0.1357764896092755 0.0656626973773095
-0.2475103302052830 0.4807905004995147 0.1729929451697535
0.1212215863236524 -0.3849264655170849 0.3568864852635720
-0.2862667900254305 0.4703301071287399 -0.3737426627070166
0.1991787891896472 0.0228580912288203 0.2019658611009120
-0.1356566818730043 -0.0767075253364224 0.3717962541224469
-0.1273063199101937 -0.1725768841969912 0.4023589290215087
-0.4154979477225523 0.4708015604907044 0.4479702078598143
0.1146133315453992 -0.3533920748953053 -0.0823519862963934
0.0625665632974750 0.1852138539091689 0.3562129738448531
0.3202364106652155 0.3113929444949427 0.3600928803430027
-0.4773019398465485 -0.4574192237446324 0.2800350888939247
0.1161041676771701 0.4540675451617998 -0.4158577871805038
0.1138383726772024 -0.1904857019631576 -0.3119962407418528
0.3543665056902119 0.0675454772499536 0.2043354010356365
0.1235481640386366 0.3901338341599384 -0.2463429395963100
0.4593603184520455 -0.1811307142269922 -0.3434525884045413
0.2694518049681780 -0.2827976234245308 0.0571950201314968
0.4623298616602493 0.0769766083765114 0.1657106341284329
0.1237739790857655 -0.2630437795711826 -0.1044040009097283
-0.0383490331928531 -0.4933933351838902 0.2943771353469055
0.3746752627118131 -0.2003130323282100 0.3022668544528377
0.4000542048876382 0.3752328765528553 -0.3397076428715773
-0.4162591526156346 0.1614640947691108 0.2876184845477789
0.3748472183599773 -0.4962879853453201 -0.1834735303323816
0.1543316727296378 -0.3734693347093901 0.1435537471805809
0.0466363273702355 0.1181158524437534 0.3065193291858916
0.4124339327427994 -0.1368910578366214 0.4994546033425017
0 279
1 280
2 281
3 284
4 285
5 318
6 286
7 309
8 331
9 263
10 272
11 274
12 283
13 286
14 298
15 303
16 331
261 17
261 271
261 280
261 18
261 295
261 19
261 299
261 20
261 335
261 310
261 21
261 328
261 333
22 264
23 300
24 324
25 332
262 26
262 266
262 27
262 273
262 28
262 29
262 30
262 303
262 31
262 316
262 319
262 32
262 33
262 34
262 328
263 35
263 272
263 274
263 283
263 286
263 289
263 301
263 304
263 307
263 36
264 37
264 38
264 39
264 40
264 41
264 305
264 316
264 321
264 324
264 332
42 271
43 282
44 325
45 329
46 332
47 333
48 273
49 274
50 289
51 303
52 331
53 273
54 274
55 283
56 298
57 303
58 319
59 331
60 279
61 282
62 296
63 302
64 308
65 325
66 326
67 329
265 268
265 68
265 69
265 277
265 278
265 70
265 291
265 296
265 71
265 302
265 72
265 307
265 73
265 320
265 330
266 74
266 273
266 289
266 75
266 305
266 316
266 76
266 77
78 280
79 281
80 303
81 314
82 319
83 328
267 271
267 279
267 282
267 284
267 288
267 295
267 299
267 335
267 310
267 312
267 313
267 314
267 329
267 333
267 334
268 84
268 277
268 278
268 283
268 289
268 291
268 301
268 304
268 305
268 307
268 85
268 321
268 323
269 86
269 276
269 278
269 87
269 285
269 286
269 292
269 294
269 297
269 88
269 308
269 309
269 311
269 89
269 323
270 275
270 280
270 281
270 284
270 287
270 90
270 290
270 293
270 298
270 303
270 306
270 313
270 314
270 91
92 276
93 294
94 297
95 309
96 289
97 291
98 304
99 305
100 307
101 321
102 280
103 281
104 319
105 285
106 318
107 291
108 296
109 300
110 302
111 324
271 282
271 112
271 295
271 335
271 312
271 325
271 329
271 333
272 286
272 301
272 113
272 311
272 114
272 115
272 116
273 274
273 283
273 289
273 303
273 305
273 117
273 316
273 118
273 327
274 283
274 289
274 303
274 304
274 119
275 276
275 284
275 287
275 288
275 290
275 293
275 306
275 309
275 313
275 315
275 317
275 120
275 331
275 334
276 283
276 286
276 287
276 288
276 290
276 292
276 293
276 297
276 303
276 306
276 309
276 317
276 121
276 331
276 334
122 294
123 297
124 315
125 318
277 278
277 283
277 286
277 288
277 291
277 292
277 302
277 304
277 305
277 321
277 323
277 327
278 126
278 291
278 292
278 296
278 127
278 128
278 302
278 307
278 308
278 320
278 323
278 330
279 282
279 284
279 285
279 129
279 130
279 131
279 335
279 312
279 318
279 322
279 326
279 329
132 287
133 309
134 315
135 331
136 285
137 292
138 294
139 296
140 308
141 323
142 281
143 319
280 281
280 284
280 144
280 145
280 299
280 146
280 335
280 314
280 328
147 300
148 324
149 332
281 150
281 151
281 298
281 314
281 319
281 152
282 292
282 302
282 308
282 335
282 312
282 322
282 325
282 326
282 329
153 291
154 302
155 324
156 307
157 320
158 330
283 286
283 288
283 289
283 292
283 303
283 304
283 305
283 316
283 327
283 331
284 159
284 290
284 294
284 297
284 299
284 160
284 335
284 312
284 313
284 314
284 317
284 318
284 322
284 334
285 292
285 294
285 297
285 161
285 308
285 162
285 312
285 317
285 318
285 322
285 326
163 335
164 329
286 292
286 165
286 301
286 166
286 304
286 309
286 311
286 167
286 323
286 331
287 168
287 290
287 293
287 169
287 309
287 315
287 170
287 331
288 292
288 303
288 306
288 312
288 313
288 327
288 333
288 334
289 304
289 305
289 307
289 171
289 172
289 173
174 290
175 293
176 298
177 331
290 297
290 178
290 309
290 313
290 314
290 315
290 317
290 179
290 334
291 296
291 300
291 302
291 180
291 181
291 182
291 321
291 324
291 327
292 294
292 296
292 297
292 302
292 304
292 308
292 312
292 322
292 323
292 325
292 327
292 334
293 298
293 303
293 306
293 331
294 297
294 183
294 308
294 184
294 318
185 316
186 321
187 327
188 332
189 320
190 330
295 299
295 335
295 310
295 333
296 191
296 192
296 193
296 302
296 308
296 330
194 330
195 299
196 335
197 310
198 328
297 199
297 309
297 312
297 317
297 318
297 200
297 334
298 303
298 306
298 314
298 331
298 201
299 335
299 310
299 314
299 328
299 333
202 311
203 320
204 323
205 330
206 308
207 326
208 330
209 320
210 330
300 211
300 212
300 213
300 214
300 324
300 215
300 216
301 304
301 307
301 311
301 217
301 320
301 323
218 310
219 316
220 328
221 333
222 305
223 316
224 321
225 302
226 330
302 308
302 321
302 324
302 325
302 327
302 227
303 306
303 314
303 316
303 319
303 327
303 328
303 331
303 333
303 228
229 309
230 311
304 305
304 307
304 323
231 330
232 321
233 324
305 316
305 321
305 327
234 315
235 318
306 313
306 314
306 319
306 331
306 333
306 236
237 330
307 311
307 238
307 239
307 320
307 323
307 240
308 312
308 322
308 326
241 318
242 326
243 321
309 315
309 244
309 245
309 331
246 332
335 329
310 328
310 333
311 247
311 248
311 320
311 323
311 249
312 317
312 318
312 322
312 325
312 327
312 333
312 334
313 314
313 333
313 334
314 319
314 328
314 333
314 250
315 251
316 321
316 325
316 252
316 327
316 328
316 332
316 333
317 318
317 334
253 320
318 322
319 254
320 323
320 330
321 324
321 327
321 332
322 326
323 330
324 325
324 327
324 255
324 332
325 256
325 327
325 329
325 257
325 332
325 333
258 332
259 333
327 332
327 333
328 333
260 332
